# map0

boundary 0.0 -5.0 0.0 10.0 55.0 10.0

block  3.0  -2.0  0.0 10.0  10  2 255   0   0
block  0.0  10.0  0.0 10.0  15  2 255   0   0
block  3.0  15.0  3.5 7.0  16.0  10 255   0   0
block  0.0 15.0  0.0 10.0 20.0  1.0 255  0   0
block  0.0 15.0  1.0 10.0 16.0  3.5 255  0   0
block  5.0  25.0  0  10.0  30.0  5 255   0   0
block  5.0  30.0  0  10.0  31.0  10 255   0   0
block  0.0  25.0  0  5.0  40.0  5 255   0   0
block  0.0  40.0  0  5.0  41.0  10 255   0   0


block  13.0  -2.0  0.0 20.0  10  2 255   0   0
block  10.0  10.0  0.0 20.0  15  2 255   0   0
block  13.0  15.0  3.5 17.0  16.0  10 255   0   0
block  10.0 15.0  0.0 20.0 20.0  1.0 255  0   0
block  10.0 15.0  1.0 20.0 16.0  3.5 255  0   0
block  15.0  25.0  0  20.0  30.0  5 255   0   0
block  15.0  30.0  0  20.0  31.0  10 255   0   0
block  10.0  25.0  0  15.0  40.0  5 255   0   0
block  10.0  40.0  0  15.0  41.0  10 255   0   0


block  23.0  -2.0  0.0 30.0  10  2 255   0   0
block  20.0  10.0  0.0 30.0  15  2 255   0   0
block  23.0  15.0  3.5  27.0  16.0  10 255   0   0
block   20.0 15.0  0.0 30.0 20.0  1.0 255  0   0
block   20.0 15.0  1.0 30.0 16.0  3.5 255  0   0
block  25.0  25.0  0  30.0  30.0  5 255   0   0
block  25.0  30.0  0  30.0  31.0  10 255   0   0
block  20.0  25.0  0  25.0  40.0  5 255   0   0
block  20.0  40.0  0  25.0  41.0  10 255   0   0

block  0.0  35.0  0  40.0  45.0  5 255   0   0
block  35.0  45.0  0  40.0  49.0  10 255   0   0

